 '[[ 5 11 16 18  0 21 26  4 16 16 17 11 26]\n'
 ' [23  0 14  0 12  0 11  0 20  0 11  0 24]\n'
 ' [20 26 13  8 13 14 15  0 11 14 14 24  9]\n'
 ' [ 7  0 25  0  4  0 17  0 16  0 10  0  5]\n'
 ' [11 22 25 24  9  0 11 26 23  4 24 26  0]\n'
 ' [ 6  0  0  0 13  0 15  0  0  0  5  0 11]\n'
 ' [13 14 16 11 14  5  0 19  5  6  6  4 14]\n'
 ' [21  0 20  0  0  0 11  0  2  0  0  0 11]\n'
 ' [ 0  6 11 21  6 13 21  0 21 11 26  4  9]\n'
 ' [21  0  6  0  4  0 13  0 24  0  4  0 18]\n'
 ' [11  1 24  9  6  0  1 13 16 21 24 16 16]\n'
 ' [26  0  9  0 11  0 13  0  5  0 16  0 13]\n'
 ' [ 1  5 11  1  9  4 21  3  0  9  5 16 16]]')
