('im_rgb_list_modified = [[(0, 97, 0), (0, 95, 0), (0, 98, 0), (1, 99, 0), (0, '
 '94, 0), (1, 95, 0), (3, 96, 7), (1, 94, 5), (0, 93, 1), (6, 96, 0), (12, 90, '
 '0), (17, 85, 0), (29, 88, 0), (140, 188, 79), (155, 183, 80), (158, 179, '
 '78), (159, 179, 80), (156, 181, 79), (149, 185, 77), (145, 187, 75), (147, '
 '187, 75), (149, 185, 75), (155, 183, 73), (149, 184, 80), (24, 83, 0), (13, '
 '88, 0), (9, 95, 0), (2, 94, 0), (2, 97, 0), (0, 94, 0), (3, 97, 13), (0, 93, '
 '9), (0, 95, 0), (0, 92, 15), (0, 84, 58), (1, 77, 100), (0, 70, 140), (0, '
 '67, 158), (0, 68, 153), (0, 68, 151), (0, 68, 153), (0, 68, 153), (0, 68, '
 '149), (0, 68, 149), (0, 0, 0), (0, 0, 0), (0, 68, 149), (0, 68, 149), (0, '
 '68, 153), (0, 0, 0), (0, 0, 0)], [(0, 94, 0), (0, 98, 0), (1, 99, 0), (0, '
 '93, 0), (2, 98, 0), (0, 91, 0), (0, 91, 2), (1, 94, 5), (5, 96, 3), (10, 94, '
 '0), (19, 87, 0), (138, 196, 93), (133, 186, 78), (147, 190, 82), (149, 181, '
 '74), (160, 183, 79), (158, 180, 79), (155, 182, 79), (149, 185, 75), (148, '
 '186, 73), (148, 186, 75), (149, 185, 75), (154, 183, 75), (148, 185, 80), '
 '(131, 188, 91), (19, 93, 0), (6, 92, 0), (1, 93, 0), (2, 98, 0), (0, 92, 0), '
 '(0, 94, 8), (0, 93, 7), (0, 96, 0), (0, 92, 17), (0, 84, 58), (1, 77, 100), '
 '(0, 70, 139), (0, 67, 156), (0, 68, 151), (0, 68, 151), (0, 68, 153), (0, 0, '
 '0), (0, 68, 153), (0, 68, 153), (0, 67, 156), (0, 0, 0), (0, 68, 153), (0, '
 '68, 153), (0, 0, 0), (0, 0, 0), (0, 0, 0)], [(0, 93, 4), (2, 95, 6), (2, 93, '
 '0), (2, 96, 2), (0, 95, 0), (0, 97, 4), (0, 94, 2), (4, 95, 2), (6, 91, 0), '
 '(18, 88, 0), (136, 184, 85), (148, 186, 83), (145, 187, 79), (147, 186, 77), '
 '(152, 185, 78), (151, 180, 74), (155, 182, 79), (154, 183, 77), (152, 185, '
 '72), (151, 185, 72), (151, 185, 75), (151, 184, 77), (151, 184, 77), (147, '
 '186, 80), (133, 188, 86), (17, 87, 0), (7, 93, 0), (1, 95, 0), (1, 97, 0), '
 '(0, 95, 0), (1, 96, 4), (0, 95, 3), (255, 255, 255), (0, 92, 19), (0, 84, '
 '60), (1, 77, 100), (0, 71, 135), (0, 68, 153), (0, 68, 151), (0, 68, 151), '
 '(0, 68, 153), (0, 67, 156), (0, 66, 160), (0, 66, 162), (0, 67, 158), (0, '
 '67, 158), (0, 66, 160), (0, 67, 158), (0, 67, 156), (0, 0, 0), (0, 0, 0)], '
 '[(2, 94, 9), (0, 92, 7), (1, 91, 3), (0, 93, 2), (0, 97, 4), (0, 99, 3), (1, '
 '96, 2), (5, 92, 0), (11, 87, 0), (133, 190, 93), (148, 183, 83), (159, 186, '
 '83), (154, 188, 78), (146, 182, 72), (151, 187, 79), (153, 186, 79), (152, '
 '184, 75), (154, 183, 73), (154, 184, 72), (152, 185, 72), (152, 184, 75), '
 '(151, 184, 77), (151, 184, 79), (148, 185, 80), (145, 190, 87), (126, 186, '
 '86), (13, 93, 0), (5, 97, 0), (1, 96, 0), (0, 95, 0), (1, 95, 0), (2, 96, '
 '2), (255, 255, 255), (0, 91, 21), (1, 85, 59), (1, 78, 98), (0, 71, 133), '
 '(0, 68, 153), (0, 68, 153), (0, 68, 149), (0, 69, 146), (0, 68, 149), (0, '
 '66, 160), (0, 66, 162), (0, 67, 158), (0, 67, 158), (0, 67, 158), (0, 67, '
 '158), (0, 67, 156), (0, 0, 0), (0, 0, 0)], [(1, 92, 12), (2, 94, 11), (4, '
 '98, 10), (0, 92, 2), (2, 99, 4), (0, 92, 0), (0, 94, 0), (8, 92, 0), (26, '
 '90, 0), (141, 185, 87), (157, 185, 83), (155, 178, 72), (148, 177, 67), '
 '(153, 187, 75), (148, 186, 77), (146, 182, 72), (154, 184, 70), (154, 184, '
 '70), (154, 183, 73), (152, 184, 77), (151, 184, 77), (151, 184, 77), (152, '
 '184, 77), (152, 183, 80), (151, 181, 83), (143, 187, 89), (18, 89, 0), (5, '
 '90, 0), (9, 96, 0), (6, 94, 0), (2, 92, 0), (0, 91, 0), (1, 95, 1), (0, 91, '
 '21), (0, 85, 54), (1, 79, 92), (0, 71, 133), (0, 0, 0), (0, 0, 0), (0, 69, '
 '147), (0, 72, 130), (0, 72, 131), (0, 68, 149), (0, 67, 158), (0, 0, 0), (0, '
 '68, 153), (0, 68, 153), (0, 68, 153), (0, 0, 0), (0, 0, 0), (0, 0, 0)], [(0, '
 '94, 8), (0, 93, 7), (0, 93, 3), (4, 99, 5), (0, 90, 0), (6, 96, 0), (5, 96, '
 '0), (13, 91, 0), (135, 187, 89), (147, 183, 85), (156, 183, 80), (154, 180, '
 '73), (159, 188, 78), (148, 182, 70), (150, 186, 78), (149, 185, 77), (154, '
 '184, 72), (155, 183, 72), (154, 183, 77), (151, 184, 79), (151, 184, 79), '
 '(151, 184, 77), (152, 184, 75), (154, 183, 77), (155, 181, 82), (146, 182, '
 '84), (138, 195, 90), (127, 194, 88), (122, 191, 84), (20, 95, 0), (10, 94, '
 '0), (3, 94, 1), (1, 95, 1), (0, 92, 19), (0, 85, 54), (1, 79, 92), (0, 73, '
 '128), (0, 70, 139), (0, 74, 123), (0, 75, 114), (0, 76, 112), (0, 74, 123), '
 '(0, 69, 144), (0, 0, 0), (0, 68, 153), (0, 68, 153), (0, 68, 149), (0, 68, '
 '151), (0, 68, 153), (0, 0, 0), (0, 0, 0)], [(0, 94, 4), (1, 98, 5), (0, 95, '
 '0), (6, 94, 0), (14, 90, 0), (16, 91, 0), (11, 90, 0), (21, 90, 0), (144, '
 '188, 90), (146, 178, 79), (155, 186, 82), (153, 185, 76), (149, 183, 71), '
 '(149, 183, 71), (151, 184, 79), (155, 183, 81), (158, 180, 80), (158, 180, '
 '80), (154, 182, 80), (151, 183, 82), (151, 183, 82), (152, 183, 80), (154, '
 '183, 75), (152, 184, 75), (150, 183, 79), (150, 186, 86), (138, 179, 77), '
 '(146, 189, 84), (148, 187, 81), (134, 185, 84), (9, 88, 0), (3, 96, 7), '
 '(255, 255, 255), (0, 92, 19), (0, 84, 60), (1, 78, 94), (0, 74, 119), (0, '
 '77, 107), (0, 85, 58), (0, 86, 52), (0, 79, 94), (0, 73, 124), (0, 70, 142), '
 '(0, 68, 153), (0, 0, 0), (0, 68, 153), (0, 68, 153), (0, 68, 153), (0, 0, '
 '0), (0, 0, 0), (0, 0, 0)], [(0, 97, 0), (0, 96, 0), (6, 94, 0), (14, 91, 0), '
 '(131, 192, 89), (134, 191, 86), (130, 194, 84), (134, 191, 84), (146, 184, '
 '85), (154, 184, 86), (148, 181, 76), (150, 184, 74), (152, 186, 74), (151, '
 '185, 73), (153, 185, 78), (154, 180, 79), (156, 180, 82), (156, 180, 82), '
 '(154, 182, 80), (152, 183, 79), (152, 183, 79), (152, 184, 77), (154, 183, '
 '73), (154, 183, 75), (151, 184, 79), (151, 183, 82), (154, 184, 84), (155, '
 '183, 81), (155, 181, 80), (144, 188, 90), (11, 90, 0), (0, 93, 3), (255, '
 '255, 255), (0, 91, 24), (0, 81, 75), (0, 75, 107), (0, 74, 123), (0, 77, '
 '97), (0, 89, 35), (0, 91, 28), (0, 82, 80), (0, 75, 117), (0, 70, 142), (0, '
 '68, 153), (0, 68, 153), (0, 68, 153), (0, 68, 153), (0, 68, 153), (0, 0, 0), '
 '(0, 0, 0), (0, 0, 0)], [(0, 99, 0), (2, 97, 0), (15, 91, 0), (130, 190, 90), '
 '(141, 186, 83), (146, 185, 78), (143, 189, 80), (144, 187, 80), (147, 183, '
 '83), (154, 184, 86), (152, 180, 78), (155, 184, 78), (152, 185, 72), (151, '
 '183, 72), (155, 182, 77), (154, 181, 78), (152, 183, 79), (149, 182, 75), '
 '(155, 184, 74), (153, 181, 70), (152, 182, 68), (157, 187, 73), (155, 181, '
 '74), (156, 181, 77), (157, 186, 80), (154, 182, 79), (154, 178, 80), (155, '
 '180, 86), (152, 184, 87), (136, 188, 90), (6, 92, 0), (0, 96, 0), (0, 96, '
 '3), (0, 89, 35), (0, 76, 100), (0, 69, 136), (0, 69, 141), (0, 74, 113), (0, '
 '86, 54), (0, 88, 40), (0, 84, 71), (0, 77, 105), (0, 70, 140), (0, 67, 156), '
 '(0, 68, 153), (0, 68, 151), (0, 68, 153), (0, 68, 153), (0, 0, 0), (0, 0, '
 '0), (0, 0, 0)], [(0, 98, 0), (0, 90, 0), (18, 90, 0), (136, 190, 92), (150, '
 '187, 84), (155, 184, 78), (150, 184, 74), (152, 185, 78), (152, 184, 83), '
 '(153, 183, 85), (155, 183, 81), (150, 179, 73), (151, 183, 72), (156, 185, '
 '75), (155, 180, 78), (155, 181, 82), (148, 182, 85), (150, 185, 85), (154, '
 '182, 80), (159, 186, 79), (153, 186, 69), (151, 181, 67), (155, 180, 76), '
 '(158, 183, 81), (151, 180, 72), (149, 181, 74), (156, 186, 88), (151, 187, '
 '91), (131, 181, 82), (25, 92, 0), (6, 96, 6), (0, 94, 13), (0, 91, 26), (0, '
 '84, 60), (0, 72, 120), (1, 67, 151), (0, 68, 151), (0, 72, 131), (0, 80, '
 '89), (0, 83, 73), (0, 81, 84), (0, 77, 103), (0, 71, 135), (0, 68, 149), (0, '
 '69, 146), (0, 69, 146), (0, 68, 151), (0, 68, 153), (0, 0, 0), (0, 0, 0), '
 '(0, 0, 0)], [(1, 95, 0), (10, 97, 2), (10, 85, 0), (135, 192, 95), (147, '
 '185, 84), (156, 183, 78), (154, 182, 72), (155, 182, 75), (151, 179, 79), '
 '(154, 184, 84), (152, 183, 79), (150, 182, 75), (155, 189, 77), (150, 182, '
 '75), (157, 183, 86), (153, 179, 90), (152, 183, 105), (148, 178, 104), (155, '
 '179, 101), (152, 176, 88), (152, 183, 79), (155, 187, 78), (156, 182, 81), '
 '(155, 183, 81), (149, 186, 72), (152, 195, 80), (135, 182, 80), (130, 190, '
 '92), (14, 92, 0), (2, 93, 0), (0, 89, 14), (0, 89, 43), (1, 83, 69), (1, 77, '
 '101), (1, 70, 135), (1, 67, 153), (0, 0, 0), (0, 68, 149), (0, 70, 139), (0, '
 '73, 128), (0, 75, 114), (0, 75, 114), (0, 73, 124), (0, 72, 131), (0, 72, '
 '131), (0, 71, 137), (0, 68, 149), (0, 0, 0), (0, 0, 0), (0, 0, 0), (0, 0, '
 '0)], [(0, 91, 0), (7, 94, 0), (9, 90, 0), (20, 87, 0), (139, 186, 84), (150, '
 '183, 78), (155, 183, 73), (155, 181, 74), (157, 183, 82), (154, 182, 80), '
 '(151, 184, 79), (153, 189, 81), (149, 185, 77), (149, 181, 80), (154, 178, '
 '92), (67, 88, 19), (66, 86, 35), (62, 82, 33), (74, 94, 33), (149, 173, 97), '
 '(151, 181, 85), (151, 184, 79), (148, 183, 83), (146, 187, 85), (136, 190, '
 '78), (133, 196, 82), (21, 88, 0), (14, 92, 0), (1, 96, 0), (0, 97, 7), (2, '
 '93, 36), (0, 85, 56), (1, 82, 75), (1, 78, 94), (1, 75, 114), (1, 72, 128), '
 '(0, 71, 135), (0, 70, 142), (0, 68, 149), (0, 70, 142), (0, 74, 119), (0, '
 '77, 105), (0, 77, 103), (0, 77, 107), (0, 75, 117), (0, 73, 128), (0, 70, '
 '139), (0, 69, 147), (0, 68, 153), (0, 0, 0), (0, 0, 0)], [(7, 93, 2), (4, '
 '93, 1), (2, 96, 2), (10, 94, 0), (131, 192, 89), (145, 188, 81), (151, 183, '
 '74), (159, 185, 76), (153, 178, 76), (153, 181, 78), (147, 185, 76), (145, '
 '184, 77), (148, 184, 84), (147, 177, 89), (158, 179, 112), (67, 80, 36), '
 '(76, 79, 62), (75, 78, 59), (67, 85, 37), (153, 179, 106), (159, 185, 94), '
 '(147, 182, 82), (142, 189, 87), (22, 85, 0), (8, 91, 0), (1, 94, 0), (9, 97, '
 '0), (8, 95, 0), (0, 90, 0), (5, 96, 19), (1, 85, 51), (0, 84, 58), (0, 88, '
 '38), (0, 88, 38), (0, 84, 58), (0, 81, 75), (0, 78, 93), (0, 75, 107), (0, '
 '73, 122), (0, 74, 116), (0, 78, 95), (0, 82, 80), (0, 84, 68), (0, 83, 75), '
 '(0, 78, 100), (0, 75, 115), (0, 74, 123), (0, 71, 133), (0, 69, 147), (0, 0, '
 '0), (0, 0, 0)], [(4, 93, 0), (2, 96, 2), (0, 95, 2), (3, 94, 0), (18, 86, '
 '0), (144, 193, 88), (148, 180, 71), (156, 182, 73), (157, 184, 79), (150, '
 '182, 75), (153, 189, 81), (140, 177, 74), (152, 186, 92), (155, 181, 107), '
 '(158, 174, 127), (73, 78, 55), (78, 73, 70), (74, 71, 62), (63, 81, 33), '
 '(153, 181, 106), (147, 174, 81), (153, 187, 92), (133, 185, 102), (15, 85, '
 '13), (2, 92, 31), (0, 95, 36), (0, 88, 18), (0, 90, 20), (3, 93, 31), (0, '
 '82, 41), (4, 83, 77), (5, 85, 76), (0, 88, 37), (0, 89, 33), (0, 84, 58), '
 '(0, 80, 77), (0, 78, 93), (0, 76, 104), (0, 75, 109), (0, 76, 102), (0, 80, '
 '83), (0, 84, 63), (0, 88, 40), (0, 88, 50), (0, 80, 89), (0, 75, 114), (0, '
 '73, 124), (0, 71, 135), (0, 69, 147), (0, 0, 0), (0, 0, 0)], [(0, 94, 0), '
 '(1, 96, 2), (0, 96, 4), (0, 93, 0), (14, 89, 0), (136, 189, 85), (158, 187, '
 '81), (158, 181, 73), (153, 187, 77), (147, 180, 73), (160, 187, 84), (160, '
 '184, 90), (151, 174, 94), (68, 86, 28), (68, 77, 50), (74, 75, 67), (77, 71, '
 '71), (76, 77, 59), (155, 176, 119), (154, 184, 98), (159, 185, 84), (144, '
 '178, 91), (132, 184, 138), (12, 75, 67), (3, 74, 102), (0, 76, 104), (1, 82, '
 '73), (0, 83, 64), (0, 83, 85), (0, 76, 93), (0, 73, 102), (2, 77, 96), (0, '
 '82, 70), (0, 81, 75), (0, 74, 113), (0, 70, 132), (0, 70, 136), (0, 72, '
 '131), (0, 75, 117), (0, 78, 101), (0, 80, 81), (0, 85, 56), (0, 91, 26), (0, '
 '91, 34), (0, 81, 84), (0, 74, 119), (0, 70, 142), (0, 68, 153), (0, 0, 0), '
 '(0, 0, 0), (0, 0, 0)], [(7, 91, 5), (3, 91, 4), (0, 97, 7), (4, 95, 2), (21, '
 '89, 0), (140, 187, 85), (154, 180, 79), (158, 178, 79), (151, 183, 84), '
 '(152, 184, 85), (153, 178, 77), (158, 179, 86), (157, 178, 99), (67, 84, '
 '30), (73, 77, 60), (77, 75, 76), (76, 72, 73), (75, 78, 59), (67, 88, 29), '
 '(148, 178, 90), (153, 181, 78), (149, 184, 102), (23, 75, 52), (11, 72, '
 '101), (5, 69, 143), (0, 68, 143), (5, 81, 107), (0, 80, 89), (0, 76, 95), '
 '(3, 84, 105), (0, 77, 90), (1, 80, 85), (2, 81, 75), (1, 79, 92), (0, 71, '
 '137), (0, 67, 158), (0, 68, 154), (0, 69, 146), (0, 72, 130), (1, 75, 114), '
 '(0, 76, 99), (0, 81, 77), (0, 87, 45), (0, 88, 50), (0, 80, 89), (0, 74, '
 '123), (0, 68, 149), (0, 66, 160), (0, 67, 156), (0, 0, 0), (0, 0, 0)], [(20, '
 '80, 20), (11, 82, 14), (4, 96, 13), (5, 90, 0), (132, 187, 86), (152, 184, '
 '85), (159, 178, 86), (160, 175, 92), (154, 176, 103), (153, 177, 101), (154, '
 '178, 82), (158, 183, 82), (156, 180, 94), (65, 85, 26), (71, 78, 60), (74, '
 '74, 76), (76, 73, 80), (69, 72, 61), (69, 89, 36), (153, 182, 100), (153, '
 '183, 83), (144, 182, 105), (126, 178, 165), (8, 70, 109), (1, 66, 146), (1, '
 '69, 150), (2, 75, 120), (1, 77, 91), (1, 78, 68), (5, 89, 56), (0, 87, 36), '
 '(0, 89, 36), (2, 87, 46), (2, 81, 76), (0, 73, 131), (0, 69, 154), (0, 71, '
 '149), (0, 69, 147), (1, 68, 147), (2, 68, 144), (2, 69, 137), (1, 73, 123), '
 '(1, 77, 101), (1, 78, 94), (1, 76, 107), (1, 73, 123), (0, 70, 146), (0, 68, '
 '156), (0, 0, 0), (0, 0, 0), (0, 0, 0)], [(57, 93, 55), (47, 95, 47), (14, '
 '86, 20), (15, 86, 8), (148, 190, 108), (150, 171, 92), (161, 174, 105), (77, '
 '88, 32), (72, 85, 42), (67, 86, 31), (154, 179, 88), (153, 181, 78), (148, '
 '179, 85), (153, 175, 110), (78, 83, 63), (76, 71, 77), (75, 72, 81), (77, '
 '80, 71), (64, 81, 36), (148, 175, 98), (154, 184, 86), (143, 183, 112), (19, '
 '73, 75), (9, 71, 122), (4, 70, 144), (0, 63, 128), (5, 73, 96), (10, 82, '
 '70), (6, 84, 42), (2, 91, 23), (0, 93, 8), (0, 95, 18), (2, 87, 45), (2, 80, '
 '82), (0, 73, 131), (0, 71, 147), (0, 73, 135), (0, 73, 128), (1, 71, 130), '
 '(2, 70, 131), (2, 70, 133), (2, 71, 130), (1, 73, 123), (1, 74, 119), (1, '
 '73, 123), (1, 71, 131), (0, 69, 147), (0, 68, 154), (0, 0, 0), (0, 0, 0), '
 '(0, 0, 0)], [(67, 79, 59), (58, 81, 55), (31, 78, 36), (26, 74, 26), (146, '
 '173, 128), (69, 84, 45), (75, 79, 52), (72, 75, 56), (70, 78, 67), (69, 84, '
 '53), (154, 177, 97), (153, 184, 81), (150, 187, 84), (149, 175, 102), (74, '
 '75, 59), (83, 71, 81), (77, 67, 76), (78, 78, 70), (71, 82, 42), (158, 179, '
 '110), (154, 179, 85), (141, 180, 117), (15, 69, 95), (6, 69, 136), (3, 68, '
 '126), (16, 78, 101), (21, 81, 43), (15, 81, 9), (6, 89, 11), (4, 96, 11), '
 '(0, 93, 5), (2, 92, 28), (1, 83, 71), (1, 76, 108), (1, 70, 137), (0, 70, '
 '139), (1, 76, 108), (0, 78, 88), (0, 80, 77), (0, 80, 77), (1, 79, 89), (1, '
 '77, 100), (1, 75, 110), (1, 73, 123), (1, 70, 139), (0, 68, 149), (0, 68, '
 '153), (0, 0, 0), (0, 0, 0), (0, 0, 0), (0, 0, 0)], [(76, 75, 70), (69, 77, '
 '66), (59, 84, 62), (61, 89, 64), (63, 80, 61), (71, 79, 66), (73, 74, 68), '
 '(72, 73, 67), (68, 77, 60), (65, 82, 38), (156, 180, 96), (150, 181, 77), '
 '(146, 185, 76), (149, 181, 96), (70, 75, 45), (82, 74, 72), (80, 74, 76), '
 '(74, 74, 62), (74, 82, 43), (161, 177, 112), (153, 176, 85), (148, 184, '
 '120), (14, 69, 89), (7, 69, 116), (16, 75, 91), (127, 181, 155), (134, 185, '
 '106), (132, 188, 87), (12, 89, 0), (7, 96, 2), (0, 94, 0), (0, 88, 32), (0, '
 '79, 92), (0, 73, 128), (2, 69, 137), (3, 71, 120), (3, 79, 77), (1, 85, 51), '
 '(0, 88, 40), (0, 89, 38), (0, 87, 49), (1, 83, 71), (1, 77, 101), (1, 72, '
 '126), (0, 69, 146), (0, 67, 156), (0, 0, 0), (0, 68, 153), (0, 0, 0), (0, 0, '
 '0), (0, 0, 0)], [(78, 73, 79), (74, 74, 74), (64, 76, 62), (64, 78, 63), '
 '(70, 76, 72), (73, 75, 74), (76, 74, 75), (75, 78, 57), (156, 176, 113), '
 '(157, 183, 94), (153, 180, 77), (156, 185, 75), (142, 181, 66), (157, 191, '
 '94), (69, 87, 29), (71, 78, 47), (73, 77, 62), (70, 75, 55), (75, 83, 42), '
 '(156, 171, 104), (163, 184, 93), (146, 180, 106), (25, 77, 64), (18, 73, '
 '67), (133, 180, 126), (144, 186, 102), (142, 180, 81), (144, 189, 86), (132, '
 '193, 98), (9, 88, 0), (2, 96, 0), (0, 88, 35), (0, 78, 110), (0, 71, 140), '
 '(4, 70, 130), (6, 74, 97), (4, 85, 44), (3, 91, 17), (0, 93, 17), (0, 94, '
 '17), (0, 93, 19), (0, 87, 45), (1, 78, 94), (1, 72, 128), (0, 69, 146), (0, '
 '68, 153), (0, 68, 151), (1, 67, 151), (0, 68, 153), (0, 0, 0), (0, 0, 0)], '
 '[(73, 70, 77), (77, 77, 79), (73, 76, 69), (76, 79, 72), (72, 73, 75), (73, '
 '74, 76), (74, 75, 67), (72, 80, 43), (158, 182, 96), (149, 178, 68), (158, '
 '184, 74), (155, 183, 72), (150, 187, 71), (148, 184, 78), (150, 175, 94), '
 '(159, 176, 121), (72, 82, 47), (71, 78, 45), (72, 81, 34), (157, 172, 103), '
 '(154, 179, 85), (145, 179, 92), (136, 180, 131), (134, 181, 129), (145, 186, '
 '94), (147, 183, 73), (154, 186, 79), (148, 183, 81), (142, 187, 92), (16, '
 '80, 0), (8, 98, 0), (0, 91, 37), (0, 77, 117), (0, 69, 149), (4, 69, 133), '
 '(6, 74, 97), (4, 86, 38), (1, 93, 8), (0, 95, 8), (0, 96, 8), (0, 95, 10), '
 '(0, 89, 35), (0, 79, 84), (1, 73, 121), (0, 70, 142), (0, 68, 153), (0, 68, '
 '151), (1, 67, 153), (0, 0, 0), (0, 0, 0), (0, 0, 0)], [(70, 71, 73), (79, '
 '79, 79), (75, 71, 70), (74, 70, 69), (75, 75, 75), (70, 73, 64), (72, 81, '
 '52), (70, 85, 30), (151, 176, 85), (156, 183, 76), (156, 178, 70), (161, '
 '185, 75), (154, 183, 73), (152, 183, 79), (155, 182, 89), (157, 178, 101), '
 '(73, 86, 30), (72, 82, 32), (79, 90, 34), (156, 176, 104), (152, 184, 85), '
 '(149, 186, 83), (145, 179, 93), (150, 184, 100), (151, 187, 89), (148, 183, '
 '79), (153, 184, 81), (155, 181, 82), (152, 178, 81), (146, 190, 93), (6, 88, '
 '0), (0, 92, 39), (0, 77, 114), (0, 68, 151), (2, 67, 149), (4, 72, 119), (1, '
 '82, 63), (0, 90, 28), (0, 95, 13), (0, 96, 10), (0, 93, 19), (0, 88, 40), '
 '(0, 82, 70), (1, 77, 103), (0, 71, 135), (0, 68, 153), (0, 0, 0), (0, 67, '
 '156), (0, 0, 0), (0, 0, 0), (0, 0, 0)], [(73, 78, 74), (70, 70, 68), (79, '
 '75, 74), (76, 73, 68), (72, 79, 63), (68, 82, 49), (155, 176, 120), (154, '
 '178, 104), (157, 182, 88), (153, 179, 72), (162, 185, 77), (155, 181, 72), '
 '(154, 183, 77), (151, 179, 76), (155, 183, 81), (153, 178, 86), (154, 177, '
 '99), (156, 176, 105), (158, 176, 102), (152, 176, 92), (153, 185, 84), (151, '
 '185, 75), (156, 183, 78), (156, 181, 79), (154, 179, 78), (156, 182, 83), '
 '(156, 182, 81), (154, 179, 78), (164, 181, 85), (146, 180, 86), (22, 91, 2), '
 '(1, 83, 37), (4, 74, 110), (2, 67, 147), (2, 66, 154), (1, 70, 137), (0, 77, '
 '97), (0, 85, 63), (0, 90, 37), (0, 93, 22), (0, 92, 24), (0, 89, 37), (0, '
 '84, 61), (1, 77, 93), (1, 71, 131), (0, 68, 153), (0, 67, 156), (0, 67, '
 '158), (0, 67, 156), (0, 0, 0), (0, 0, 0)], [(75, 75, 73), (73, 73, 71), (78, '
 '77, 75), (71, 75, 58), (70, 88, 40), (146, 176, 106), (148, 183, 99), (150, '
 '184, 90), (155, 181, 80), (157, 183, 76), (154, 184, 72), (155, 187, 76), '
 '(149, 180, 77), (151, 181, 81), (157, 183, 82), (155, 181, 82), (147, 181, '
 '86), (153, 187, 93), (154, 181, 86), (155, 180, 79), (155, 182, 79), (157, '
 '184, 77), (152, 181, 71), (159, 182, 76), (166, 176, 80), (167, 174, 79), '
 '(162, 184, 75), (155, 181, 72), (152, 177, 83), (151, 184, 103), (23, 76, '
 '8), (18, 78, 50), (11, 70, 104), (2, 62, 135), (5, 70, 154), (0, 68, 150), '
 '(0, 73, 141), (0, 77, 115), (0, 80, 74), (0, 90, 47), (0, 92, 21), (0, 90, '
 '26), (1, 83, 61), (1, 76, 95), (1, 69, 130), (1, 67, 153), (0, 67, 156), (0, '
 '67, 158), (0, 67, 156), (0, 0, 0), (0, 0, 0)], [(76, 76, 76), (71, 73, 70), '
 '(68, 75, 67), (65, 80, 51), (150, 177, 108), (152, 187, 95), (146, 187, 85), '
 '(145, 182, 77), (152, 180, 77), (158, 187, 81), (143, 180, 67), (149, 185, '
 '75), (151, 183, 82), (151, 181, 85), (153, 182, 89), (149, 183, 89), (146, '
 '185, 94), (142, 182, 86), (150, 183, 78), (156, 185, 77), (151, 178, 73), '
 '(155, 182, 75), (155, 185, 73), (158, 184, 75), (165, 175, 78), (54, 61, 0), '
 '(156, 178, 69), (157, 184, 79), (156, 182, 95), (62, 89, 22), (58, 91, 44), '
 '(48, 86, 73), (40, 84, 119), (19, 70, 136), (4, 67, 147), (0, 66, 152), (0, '
 '68, 154), (0, 75, 144), (0, 79, 114), (0, 79, 76), (0, 87, 45), (0, 88, 40), '
 '(0, 84, 60), (1, 78, 86), (2, 72, 123), (1, 68, 146), (0, 67, 156), (0, 67, '
 '160), (0, 67, 156), (0, 0, 0), (0, 0, 0)], [(75, 76, 81), (70, 76, 76), (66, '
 '82, 69), (61, 86, 47), (150, 178, 103), (146, 178, 79), (150, 183, 76), '
 '(153, 187, 77), (152, 183, 80), (153, 183, 83), (153, 189, 81), (150, 186, '
 '78), (153, 181, 79), (156, 185, 93), (140, 177, 97), (142, 184, 110), (142, '
 '183, 113), (147, 186, 107), (145, 183, 82), (149, 185, 75), (150, 183, 76), '
 '(152, 184, 77), (151, 183, 74), (154, 183, 75), (151, 176, 72), (159, 184, '
 '82), (158, 184, 83), (153, 179, 88), (156, 177, 108), (69, 85, 38), (66, 78, '
 '54), (64, 79, 84), (49, 77, 114), (20, 61, 123), (9, 66, 143), (0, 68, 151), '
 '(0, 70, 148), (0, 71, 143), (0, 73, 141), (2, 75, 126), (0, 77, 99), (0, 80, '
 '77), (2, 84, 61), (2, 82, 69), (4, 75, 107), (2, 70, 135), (0, 67, 156), (0, '
 '66, 163), (0, 67, 158), (0, 0, 0), (0, 0, 0)], [(61, 72, 66), (65, 83, 69), '
 '(55, 88, 61), (36, 73, 22), (150, 183, 102), (153, 184, 81), (157, 186, 76), '
 '(151, 183, 72), (151, 184, 80), (145, 180, 78), (148, 183, 79), (151, 184, '
 '79), (153, 181, 78), (148, 181, 94), (136, 181, 124), (28, 78, 41), (29, 73, '
 '48), (140, 182, 142), (139, 183, 96), (148, 190, 80), (151, 187, 79), (149, '
 '182, 75), (150, 183, 76), (153, 185, 78), (152, 184, 77), (150, 181, 77), '
 '(148, 181, 77), (150, 178, 93), (157, 174, 120), (70, 76, 50), (80, 80, 72), '
 '(68, 73, 77), (58, 81, 89), (28, 66, 89), (12, 64, 111), (11, 72, 135), (0, '
 '65, 136), (5, 76, 154), (0, 64, 149), (0, 69, 147), (0, 71, 133), (0, 76, '
 '112), (1, 80, 84), (2, 80, 84), (2, 75, 110), (2, 70, 133), (0, 68, 153), '
 '(0, 67, 162), (0, 67, 156), (0, 0, 0), (0, 0, 0)], [(60, 88, 50), (55, 90, '
 '50), (42, 89, 43), (28, 78, 15), (143, 183, 95), (150, 183, 79), (156, 183, '
 '76), (152, 181, 71), (152, 188, 82), (149, 186, 81), (150, 183, 79), (153, '
 '184, 81), (155, 187, 80), (143, 182, 103), (129, 182, 156), (15, 72, 89), '
 '(13, 64, 111), (19, 67, 87), (132, 182, 121), (145, 190, 85), (148, 184, '
 '74), (150, 182, 71), (151, 184, 79), (154, 185, 82), (158, 184, 85), (152, '
 '180, 78), (152, 190, 79), (150, 183, 94), (68, 79, 45), (73, 74, 69), (79, '
 '77, 78), (71, 77, 63), (147, 174, 123), (142, 181, 134), (23, 70, 62), (17, '
 '70, 101), (11, 70, 138), (0, 61, 148), (2, 68, 154), (3, 69, 155), (0, 68, '
 '149), (0, 70, 142), (1, 71, 133), (1, 71, 131), (1, 70, 135), (1, 69, 140), '
 '(0, 68, 149), (0, 68, 153), (0, 0, 0), (0, 0, 0), (0, 0, 0)], [(24, 79, 14), '
 '(26, 85, 21), (15, 84, 19), (19, 86, 19), (23, 78, 10), (144, 187, 118), '
 '(142, 178, 108), (150, 184, 108), (140, 182, 100), (144, 186, 102), (146, '
 '183, 103), (140, 178, 103), (144, 184, 121), (134, 181, 149), (10, 69, 85), '
 '(8, 69, 124), (9, 68, 148), (13, 69, 116), (21, 77, 28), (139, 190, 89), '
 '(142, 180, 71), (158, 190, 79), (147, 180, 73), (152, 183, 80), (153, 179, '
 '82), (155, 183, 81), (149, 188, 73), (146, 179, 88), (71, 80, 53), (77, 75, '
 '76), (71, 72, 64), (69, 79, 44), (154, 181, 100), (142, 178, 90), (144, 184, '
 '131), (131, 177, 166), (10, 62, 102), (10, 66, 140), (3, 65, 148), (0, 67, '
 '148), (0, 70, 142), (0, 70, 139), (1, 70, 137), (1, 70, 139), (1, 69, 142), '
 '(0, 69, 146), (0, 68, 149), (0, 68, 151), (0, 68, 153), (0, 0, 0), (0, 0, '
 '0)], [(8, 92, 6), (0, 83, 0), (4, 97, 16), (1, 91, 30), (1, 78, 58), (13, '
 '77, 77), (21, 72, 75), (131, 176, 169), (131, 180, 151), (131, 179, 139), '
 '(133, 179, 142), (132, 180, 164), (11, 67, 92), (4, 65, 119), (10, 73, 142), '
 '(0, 66, 144), (0, 67, 148), (6, 74, 111), (18, 83, 29), (134, 189, 88), '
 '(154, 191, 85), (151, 180, 72), (156, 188, 79), (148, 180, 73), (153, 184, '
 '81), (150, 181, 78), (148, 185, 72), (150, 178, 91), (75, 84, 53), (73, 75, '
 '62), (77, 84, 53), (157, 172, 117), (154, 180, 93), (152, 184, 85), (146, '
 '181, 89), (141, 181, 119), (136, 183, 173), (19, 75, 108), (0, 63, 134), (2, '
 '72, 144), (0, 75, 114), (0, 78, 100), (1, 78, 98), (1, 76, 108), (0, 71, '
 '137), (0, 68, 151), (0, 0, 0), (0, 67, 156), (0, 0, 0), (0, 0, 0), (0, 0, '
 '0)], [(0, 98, 0), (0, 100, 4), (0, 95, 3), (0, 91, 34), (0, 81, 92), (1, 73, '
 '121), (5, 65, 117), (16, 70, 114), (15, 72, 92), (16, 73, 82), (18, 75, 84), '
 '(11, 70, 100), (5, 72, 143), (0, 67, 160), (2, 67, 161), (0, 67, 148), (2, '
 '75, 128), (0, 73, 80), (19, 88, 25), (130, 186, 87), (147, 186, 80), (156, '
 '185, 77), (148, 180, 71), (155, 187, 78), (150, 183, 78), (151, 184, 77), '
 '(151, 185, 73), (154, 183, 91), (68, 85, 33), (70, 82, 42), (64, 82, 22), '
 '(156, 178, 103), (152, 178, 87), (152, 183, 80), (152, 186, 76), (148, 185, '
 '90), (133, 178, 121), (20, 73, 65), (9, 71, 128), (0, 68, 140), (0, 75, '
 '114), (0, 79, 96), (0, 80, 89), (0, 78, 98), (0, 74, 121), (0, 70, 140), (1, '
 '67, 153), (1, 66, 158), (0, 67, 156), (0, 0, 0), (0, 0, 0)], [(0, 98, 0), '
 '(0, 98, 0), (0, 97, 0), (0, 90, 35), (1, 76, 105), (2, 69, 140), (5, 67, '
 '144), (7, 66, 142), (5, 68, 137), (5, 69, 133), (4, 70, 130), (2, 70, 135), '
 '(0, 70, 146), (0, 68, 154), (0, 67, 158), (1, 70, 135), (6, 79, 85), (8, 81, '
 '38), (17, 85, 8), (133, 190, 93), (150, 187, 84), (152, 181, 75), (153, 187, '
 '77), (147, 183, 73), (151, 185, 75), (151, 185, 75), (149, 185, 75), (151, '
 '184, 80), (152, 180, 93), (154, 179, 96), (154, 180, 91), (154, 181, 88), '
 '(149, 178, 85), (151, 181, 83), (152, 186, 76), (149, 185, 77), (146, 184, '
 '85), (133, 181, 133), (9, 70, 114), (0, 67, 150), (1, 69, 142), (1, 71, '
 '130), (0, 75, 115), (0, 77, 105), (1, 77, 100), (2, 75, 110), (2, 68, 142), '
 '(2, 66, 156), (1, 67, 154), (0, 0, 0), (0, 0, 0)], [(0, 98, 0), (0, 97, 0), '
 '(0, 96, 0), (0, 88, 37), (2, 74, 112), (2, 67, 151), (2, 66, 156), (2, 65, '
 '158), (0, 66, 160), (0, 67, 158), (0, 68, 153), (0, 69, 151), (0, 69, 151), '
 '(0, 69, 151), (0, 69, 149), (1, 74, 117), (2, 81, 52), (12, 89, 17), (19, '
 '87, 0), (134, 190, 93), (147, 184, 81), (153, 185, 78), (151, 184, 77), '
 '(150, 186, 76), (151, 185, 73), (152, 184, 73), (151, 185, 75), (151, 184, '
 '77), (151, 184, 79), (151, 184, 79), (151, 184, 77), (152, 183, 79), (153, '
 '183, 85), (155, 185, 85), (148, 180, 71), (151, 186, 70), (150, 185, 69), '
 '(137, 182, 115), (10, 74, 102), (0, 68, 149), (1, 67, 154), (1, 68, 149), '
 '(0, 72, 133), (0, 75, 119), (1, 76, 105), (1, 75, 112), (2, 69, 140), (1, '
 '67, 154), (0, 0, 0), (0, 0, 0), (0, 0, 0)], [(0, 97, 0), (0, 96, 0), (0, 95, '
 '5), (0, 87, 42), (1, 75, 114), (1, 67, 153), (1, 66, 156), (0, 66, 160), (0, '
 '66, 160), (0, 68, 156), (0, 69, 149), (0, 68, 149), (0, 0, 0), (1, 68, 149), '
 '(1, 71, 133), (1, 78, 98), (0, 87, 41), (6, 94, 10), (18, 87, 0), (136, 188, '
 '87), (147, 186, 80), (154, 186, 79), (149, 182, 75), (151, 183, 74), (154, '
 '183, 75), (154, 183, 75), (155, 182, 75), (154, 183, 77), (152, 183, 79), '
 '(151, 184, 79), (149, 185, 77), (151, 184, 77), (153, 181, 79), (156, 184, '
 '81), (149, 182, 69), (155, 189, 76), (152, 185, 78), (139, 184, 119), (6, '
 '72, 88), (0, 71, 137), (1, 67, 151), (0, 0, 0), (0, 71, 146), (0, 71, 142), '
 '(0, 70, 142), (0, 69, 144), (0, 68, 151), (0, 0, 0), (0, 0, 0), (0, 0, 0), '
 '(0, 0, 0)], [(1, 95, 0), (1, 95, 1), (0, 94, 8), (0, 87, 44), (0, 76, 110), '
 '(0, 69, 147), (0, 67, 156), (0, 67, 158), (0, 68, 156), (0, 68, 154), (0, '
 '68, 149), (0, 68, 151), (1, 66, 158), (1, 67, 151), (2, 70, 133), (1, 78, '
 '96), (0, 93, 40), (5, 94, 2), (24, 86, 0), (143, 188, 85), (147, 184, 78), '
 '(153, 186, 79), (153, 185, 78), (151, 183, 76), (154, 183, 77), (155, 182, '
 '77), (156, 181, 77), (156, 181, 79), (154, 182, 79), (152, 183, 79), (151, '
 '185, 75), (151, 185, 75), (153, 181, 78), (153, 182, 76), (155, 188, 75), '
 '(149, 183, 71), (142, 179, 73), (142, 189, 119), (5, 75, 65), (2, 80, 119), '
 '(0, 69, 144), (0, 67, 156), (0, 69, 153), (0, 70, 153), (0, 68, 158), (0, '
 '67, 158), (0, 68, 154), (0, 68, 153), (0, 0, 0), (0, 0, 0), (0, 0, 0)], [(3, '
 '93, 5), (3, 93, 6), (1, 93, 10), (0, 88, 40), (0, 79, 98), (0, 72, 135), (0, '
 '69, 151), (0, 67, 158), (0, 68, 153), (0, 69, 151), (0, 68, 153), (1, 66, '
 '156), (2, 65, 158), (2, 66, 156), (4, 66, 151), (2, 74, 112), (0, 85, 34), '
 '(8, 92, 0), (137, 189, 89), (149, 184, 80), (150, 186, 78), (150, 184, 74), '
 '(151, 183, 76), (153, 184, 80), (154, 182, 79), (155, 182, 79), (158, 180, '
 '79), (158, 180, 79), (156, 181, 79), (155, 182, 79), (154, 183, 75), (154, '
 '183, 75), (157, 185, 82), (151, 180, 74), (151, 185, 73), (145, 183, 70), '
 '(144, 186, 78), (134, 188, 102), (6, 83, 37), (0, 79, 83), (1, 71, 133), (0, '
 '67, 156), (0, 69, 153), (0, 69, 153), (0, 68, 153), (0, 68, 153), (0, 69, '
 '151), (0, 69, 151), (0, 68, 153), (0, 0, 0), (0, 0, 0)], [(4, 92, 5), (3, '
 '93, 5), (1, 93, 8), (0, 89, 38), (0, 79, 98), (0, 73, 135), (0, 69, 153), '
 '(0, 68, 158), (0, 69, 151), (0, 68, 151), (1, 67, 154), (1, 66, 156), (2, '
 '66, 156), (2, 66, 154), (2, 67, 151), (2, 74, 112), (2, 89, 36), (12, 90, '
 '0), (142, 189, 87), (153, 184, 80), (151, 185, 75), (148, 184, 74), (153, '
 '186, 79), (152, 185, 80), (152, 183, 79), (154, 182, 79), (156, 181, 79), '
 '(158, 180, 79), (156, 181, 79), (155, 182, 77), (154, 183, 75), (154, 183, '
 '75), (154, 183, 77), (154, 186, 79), (147, 183, 73), (146, 185, 76), (149, '
 '195, 86), (21, 81, 0), (6, 88, 16), (1, 86, 63), (1, 73, 123), (1, 67, 154), '
 '(0, 68, 154), (0, 69, 154), (0, 69, 151), (0, 68, 151), (0, 68, 151), (0, '
 '68, 153), (0, 0, 0), (0, 0, 0), (0, 0, 0)], [(4, 93, 0), (3, 94, 1), (1, 95, '
 '1), (0, 89, 37), (0, 77, 108), (0, 70, 147), (0, 68, 158), (0, 68, 160), (0, '
 '68, 156), (0, 0, 0), (1, 67, 154), (1, 67, 154), (1, 67, 154), (1, 68, 147), '
 '(0, 71, 135), (1, 78, 96), (4, 89, 30), (14, 88, 0), (140, 187, 85), (151, '
 '184, 79), (152, 186, 76), (149, 185, 75), (148, 186, 77), (147, 185, 76), '
 '(148, 186, 77), (149, 185, 77), (152, 184, 77), (154, 182, 79), (152, 183, '
 '79), (152, 183, 79), (152, 184, 77), (152, 184, 75), (149, 181, 74), (151, '
 '184, 79), (148, 186, 77), (145, 187, 79), (136, 185, 78), (26, 91, 0), (5, '
 '91, 2), (0, 88, 46), (2, 73, 115), (2, 66, 153), (0, 67, 158), (0, 67, 158), '
 '(1, 67, 154), (1, 67, 154), (1, 67, 154), (1, 66, 156), (0, 0, 0), (0, 0, '
 '0), (0, 0, 0)], [(3, 94, 0), (3, 94, 0), (0, 96, 0), (0, 90, 33), (0, 77, '
 '107), (0, 69, 147), (0, 67, 158), (0, 67, 160), (0, 67, 156), (0, 0, 0), (1, '
 '67, 154), (1, 67, 153), (0, 68, 153), (0, 70, 140), (0, 75, 119), (0, 82, '
 '80), (2, 87, 22), (18, 92, 0), (139, 190, 89), (148, 185, 80), (150, 183, '
 '76), (154, 188, 78), (147, 183, 75), (150, 188, 79), (149, 185, 77), (149, '
 '185, 77), (152, 184, 77), (152, 184, 77), (152, 183, 79), (151, 184, 79), '
 '(151, 184, 77), (151, 184, 77), (155, 188, 83), (150, 183, 78), (149, 186, '
 '80), (143, 186, 79), (138, 191, 85), (18, 86, 0), (7, 94, 0), (0, 86, 38), '
 '(4, 73, 115), (2, 66, 153), (1, 66, 156), (1, 66, 156), (2, 66, 154), (2, '
 '66, 154), (2, 66, 156), (1, 66, 158), (0, 67, 156), (0, 0, 0), (0, 0, 0)], '
 '[(1, 96, 0), (0, 97, 0), (0, 97, 0), (0, 92, 22), (0, 78, 91), (0, 71, 135), '
 '(0, 68, 151), (0, 67, 158), (0, 65, 151), (3, 69, 153), (0, 65, 149), (2, '
 '70, 153), (0, 71, 151), (0, 71, 131), (0, 78, 102), (0, 84, 65), (3, 88, '
 '21), (16, 93, 0), (127, 190, 86), (141, 188, 82), (150, 183, 78), (157, 184, '
 '79), (151, 180, 74), (154, 186, 79), (154, 183, 75), (155, 184, 76), (154, '
 '183, 75), (154, 183, 77), (153, 184, 80), (152, 183, 80), (149, 182, 77), '
 '(151, 184, 79), (150, 181, 77), (152, 183, 79), (147, 183, 75), (146, 189, '
 '82), (134, 191, 88), (19, 89, 0), (9, 93, 5), (0, 84, 45), (4, 71, 123), (4, '
 '65, 158), (2, 67, 151), (1, 68, 147), (2, 67, 149), (2, 67, 151), (1, 66, '
 '156), (1, 66, 158), (0, 67, 156), (0, 0, 0), (0, 0, 0)], [(0, 96, 0), (0, '
 '96, 0), (0, 96, 0), (0, 90, 31), (0, 79, 96), (1, 70, 135), (1, 68, 149), '
 '(1, 67, 154), (4, 71, 150), (2, 69, 147), (1, 67, 151), (0, 67, 150), (0, '
 '68, 148), (0, 74, 128), (0, 83, 88), (0, 88, 52), (6, 93, 22), (6, 87, 0), '
 '(21, 92, 0), (135, 191, 84), (148, 183, 79), (156, 183, 78), (153, 185, 78), '
 '(151, 183, 76), (155, 183, 73), (154, 182, 72), (155, 184, 74), (154, 183, '
 '77), (153, 181, 78), (154, 185, 82), (154, 185, 81), (154, 182, 79), (155, '
 '183, 80), (160, 188, 85), (145, 178, 73), (150, 193, 86), (126, 184, 81), '
 '(18, 90, 0), (8, 92, 6), (2, 85, 43), (4, 74, 108), (4, 68, 142), (1, 69, '
 '144), (0, 69, 146), (1, 68, 147), (1, 67, 151), (0, 67, 156), (0, 67, 156), '
 '(0, 0, 0), (0, 0, 0), (0, 0, 0)], [(0, 94, 10), (0, 94, 13), (0, 92, 22), '
 '(0, 85, 56), (1, 74, 117), (2, 67, 151), (2, 66, 154), (2, 67, 149), (1, 70, '
 '139), (0, 66, 135), (3, 69, 153), (2, 68, 155), (1, 69, 152), (1, 74, 125), '
 '(0, 82, 76), (0, 87, 37), (3, 91, 17), (8, 93, 0), (11, 89, 0), (127, 193, '
 '85), (143, 184, 80), (155, 188, 83), (144, 181, 75), (152, 188, 80), (154, '
 '186, 75), (154, 183, 73), (151, 183, 72), (152, 184, 75), (155, 183, 80), '
 '(153, 179, 78), (154, 180, 79), (158, 183, 82), (154, 179, 77), (153, 180, '
 '77), (157, 188, 85), (141, 184, 79), (133, 195, 88), (17, 92, 0), (3, 87, '
 '0), (6, 91, 32), (4, 81, 71), (2, 75, 107), (0, 71, 135), (0, 69, 149), (0, '
 '69, 151), (0, 68, 153), (0, 69, 154), (0, 69, 154), (0, 68, 154), (0, 0, 0), '
 '(0, 0, 0)], [(0, 90, 39), (0, 89, 46), (0, 86, 61), (1, 80, 85), (2, 72, '
 '121), (2, 70, 133), (2, 72, 121), (1, 75, 110), (0, 75, 99), (3, 78, 110), '
 '(3, 72, 137), (0, 65, 141), (4, 69, 135), (7, 76, 109), (6, 82, 54), (5, 87, '
 '21), (0, 89, 7), (9, 98, 4), (6, 89, 0), (22, 91, 0), (141, 188, 82), (142, '
 '181, 75), (147, 190, 83), (141, 184, 76), (146, 186, 74), (149, 187, 74), '
 '(152, 189, 76), (148, 184, 74), (151, 182, 78), (155, 183, 81), (154, 180, '
 '79), (158, 183, 81), (158, 184, 77), (150, 179, 71), (151, 184, 79), (141, '
 '186, 81), (131, 196, 92), (12, 90, 0), (6, 92, 1), (3, 90, 21), (4, 84, 55), '
 '(2, 78, 92), (0, 72, 133), (0, 69, 153), (0, 69, 153), (0, 69, 153), (0, 69, '
 '154), (0, 69, 154), (0, 68, 154), (0, 0, 0), (0, 0, 0)], [(0, 82, 87), (0, '
 '79, 96), (0, 75, 114), (1, 74, 117), (2, 75, 107), (2, 80, 84), (2, 86, 50), '
 '(1, 90, 34), (0, 89, 35), (0, 86, 59), (0, 73, 102), (5, 73, 120), (5, 70, '
 '100), (10, 76, 72), (13, 83, 23), (11, 90, 1), (5, 96, 3), (5, 97, 0), (12, '
 '93, 0), (24, 92, 0), (28, 81, 0), (142, 191, 84), (138, 191, 83), (138, 192, '
 '81), (142, 192, 79), (137, 184, 70), (144, 188, 75), (144, 184, 72), (150, '
 '186, 80), (155, 188, 83), (148, 179, 75), (155, 184, 78), (154, 187, 72), '
 '(150, 185, 67), (150, 189, 74), (136, 188, 80), (15, 87, 0), (9, 94, 1), (6, '
 '97, 2), (0, 90, 18), (2, 84, 61), (1, 77, 100), (0, 71, 139), (0, 68, 156), '
 '(0, 68, 154), (0, 69, 154), (0, 69, 156), (0, 68, 156), (0, 68, 154), (0, 0, '
 '0), (0, 0, 0)], [(0, 75, 121), (0, 74, 123), (0, 73, 124), (2, 75, 110), (3, '
 '79, 75), (1, 86, 44), (0, 94, 10), (0, 97, 0), (0, 98, 2), (0, 91, 23), (4, '
 '87, 69), (4, 77, 83), (14, 78, 80), (122, 182, 156), (128, 189, 112), (20, '
 '91, 0), (5, 93, 0), (2, 90, 0), (124, 193, 87), (137, 193, 86), (140, 189, '
 '82), (142, 189, 83), (33, 82, 0), (32, 83, 0), (35, 84, 0), (143, 190, 78), '
 '(151, 190, 81), (145, 183, 74), (155, 191, 85), (142, 178, 72), (155, 188, '
 '83), (149, 183, 73), (145, 184, 69), (147, 187, 72), (142, 189, 77), (132, '
 '190, 87), (12, 92, 0), (2, 93, 0), (0, 91, 0), (3, 95, 18), (2, 86, 53), (1, '
 '78, 94), (0, 71, 137), (0, 67, 158), (0, 67, 156), (0, 67, 156), (0, 68, '
 '156), (0, 68, 156), (0, 0, 0), (0, 0, 0), (0, 0, 0)], [(0, 70, 142), (0, 73, '
 '124), (1, 79, 92), (2, 84, 62), (3, 88, 33), (1, 92, 13), (0, 95, 3), (0, '
 '97, 0), (0, 99, 0), (0, 91, 4), (0, 87, 17), (7, 85, 37), (20, 83, 62), '
 '(121, 175, 143), (142, 193, 114), (128, 186, 83), (12, 93, 0), (14, 91, 0), '
 '(141, 189, 87), (151, 186, 84), (153, 185, 84), (146, 178, 79), (151, 185, '
 '88), (148, 182, 85), (148, 183, 81), (155, 188, 84), (156, 185, 79), (153, '
 '180, 75), (152, 180, 77), (152, 183, 79), (153, 186, 79), (151, 187, 81), '
 '(147, 190, 85), (140, 188, 88), (136, 187, 92), (23, 87, 0), (8, 93, 0), (1, '
 '98, 3), (0, 97, 0), (0, 94, 12), (1, 89, 38), (2, 81, 76), (1, 71, 130), (1, '
 '66, 156), (2, 65, 160), (2, 65, 158), (1, 67, 154), (1, 67, 153), (0, 0, 0), '
 '(0, 0, 0), (0, 0, 0)], [(0, 71, 133), (0, 76, 110), (1, 84, 64), (1, 89, '
 '28), (1, 93, 6), (1, 96, 0), (0, 96, 0), (0, 96, 0), (0, 95, 5), (0, 95, '
 '14), (3, 94, 25), (7, 84, 32), (23, 78, 46), (134, 179, 136), (142, 184, '
 '100), (140, 189, 84), (19, 86, 0), (133, 196, 91), (149, 186, 81), (151, '
 '176, 74), (159, 184, 83), (153, 179, 82), (155, 182, 89), (150, 181, 88), '
 '(149, 186, 90), (142, 182, 83), (144, 182, 81), (148, 189, 87), (147, 189, '
 '89), (140, 185, 84), (139, 188, 83), (136, 189, 85), (133, 190, 93), (21, '
 '85, 0), (24, 89, 0), (12, 86, 0), (0, 91, 0), (0, 98, 0), (0, 99, 3), (0, '
 '94, 7), (1, 92, 23), (1, 85, 61), (1, 73, 123), (1, 66, 156), (2, 65, 160), '
 '(2, 65, 158), (2, 66, 153), (1, 67, 151), (0, 68, 153), (0, 0, 0), (0, 0, '
 '0)], [(0, 77, 97), (0, 80, 77), (0, 88, 37), (0, 94, 10), (0, 96, 0), (1, '
 '96, 0), (1, 96, 0), (0, 95, 3), (0, 92, 20), (0, 87, 43), (1, 84, 76), (11, '
 '77, 73), (28, 73, 42), (142, 176, 116), (150, 186, 96), (146, 187, 81), '
 '(142, 189, 83), (141, 187, 78), (149, 185, 75), (154, 183, 75), (159, 181, '
 '80), (156, 180, 84), (150, 179, 89), (145, 185, 96), (132, 189, 94), (22, '
 '90, 0), (11, 83, 0), (21, 95, 0), (12, 83, 0), (19, 92, 0), (11, 88, 0), '
 '(10, 91, 0), (8, 92, 0), (8, 92, 0), (7, 92, 1), (4, 93, 1), (1, 95, 0), (0, '
 '96, 0), (0, 96, 1), (0, 96, 3), (0, 95, 8), (0, 87, 45), (0, 74, 119), (0, '
 '0, 0), (1, 67, 154), (1, 67, 154), (1, 67, 154), (0, 0, 0), (0, 0, 0), (0, '
 '0, 0), (0, 0, 0)], [(1, 80, 77), (1, 83, 60), (0, 91, 24), (0, 95, 3), (0, '
 '96, 0), (0, 97, 0), (1, 96, 0), (0, 93, 12), (3, 90, 56), (0, 83, 76), (0, '
 '78, 82), (12, 80, 69), (138, 180, 130), (150, 181, 103), (144, 178, 83), '
 '(150, 186, 80), (145, 181, 75), (154, 190, 80), (149, 186, 72), (149, 183, '
 '71), (156, 187, 83), (148, 180, 83), (146, 189, 97), (132, 188, 97), (13, '
 '91, 0), (4, 94, 0), (4, 99, 0), (0, 94, 0), (1, 90, 0), (5, 94, 4), (1, 96, '
 '4), (0, 94, 1), (255, 255, 255), (255, 255, 255), (0, 95, 3), (255, 255, '
 '255), (0, 96, 0), (0, 96, 0), (255, 255, 255), (255, 255, 255), (0, 96, 1), '
 '(0, 89, 38), (0, 75, 115), (0, 0, 0), (0, 68, 153), (0, 68, 153), (0, 0, 0), '
 '(0, 67, 156), (0, 0, 0), (0, 0, 0), (0, 0, 0)], [(1, 80, 77), (1, 83, 60), '
 '(0, 90, 28), (0, 94, 8), (0, 96, 0), (0, 96, 0), (1, 96, 0), (0, 89, 31), '
 '(0, 76, 99), (0, 79, 112), (0, 83, 51), (12, 87, 18), (140, 185, 100), (147, '
 '179, 82), (152, 187, 83), (150, 183, 78), (155, 186, 82), (147, 179, 72), '
 '(151, 188, 75), (149, 189, 77), (141, 186, 81), (28, 83, 0), (21, 87, 0), '
 '(11, 93, 0), (0, 95, 0), (0, 104, 1), (0, 95, 0), (0, 96, 0), (5, 98, 7), '
 '(0, 92, 3), (1, 96, 6), (1, 96, 4), (255, 255, 255), (255, 255, 255), (0, '
 '95, 3), (0, 95, 3), (255, 255, 255), (0, 96, 0), (255, 255, 255), (255, 255, '
 '255), (0, 96, 1), (0, 88, 40), (0, 75, 117), (0, 0, 0), (0, 68, 153), (0, 0, '
 '0), (0, 67, 156), (0, 67, 156), (0, 0, 0), (0, 0, 0), (0, 0, 0)]]')