gogen files are: {'grid_file': 'C:/Users/ysu1/PycharmProjects/CodeKata-GogenSolver/games/B1/Ultra127/grid.txt', 'wordlist_file': 'C:/Users/ysu1/PycharmProjects/CodeKata-GogenSolver/games/B1/Ultra127/words.txt'}
function: load_data
Opening C:/Users/ysu1/PycharmProjects/CodeKata-GogenSolver/games/B1/Ultra127/words.txt
words = ['ALKYD', 'BEG', 'CLAY', 'FIE', 'JEU', 'MUSE', 'NOS', 'QUEST', 'RUES', 'SAW', 'SUP', 'TUBE', 'VOW', 'XIS', 'YOGH']
function: get_adjacencies
Exit get_adjacencies function
Opening C:/Users/ysu1/PycharmProjects/CodeKata-GogenSolver/games/B1/Ultra127/grid.txt
function: get_fixed_letters
Exit get_fixed_letters function
function: get_floating_letters
Exit get_floating_letters function
fixed_letters = {'F': {(0, 0)}, 'H': {(2, 0)}, 'N': {(4, 0)}, 'Q': {(0, 2)}, 'W': {(4, 2)}, 'P': {(0, 4)}, 'R': {(2, 4)}, 'C': {(4, 4)}}, 
floating_letters = {'A': {(1, 2), (0, 1), (3, 2), (1, 3), (3, 3), (3, 0), (1, 0), (3, 1), (2, 1), (1, 4), (2, 3), (4, 3), (2, 2), (3, 4), (0, 3), (4, 1), (1, 1)}, 'B': {(1, 2), (0, 1), (3, 2), (1, 3), (3, 3), (3, 0), (1, 0), (3, 1), (2, 1), (1, 4), (2, 3), (4, 3), (2, 2), (3, 4), (0, 3), (4, 1), (1, 1)}, 'D': {(1, 2), (0, 1), (3, 2), (1, 3), (3, 3), (3, 0), (1, 0), (3, 1), (2, 1), (1, 4), (2, 3), (4, 3), (2, 2), (3, 4), (0, 3), (4, 1), (1, 1)}, 'E': {(1, 2), (0, 1), (3, 2), (1, 3), (3, 3), (3, 0), (1, 0), (3, 1), (2, 1), (1, 4), (2, 3), (4, 3), (2, 2), (3, 4), (0, 3), (4, 1), (1, 1)}, 'G': {(1, 2), (0, 1), (3, 2), (1, 3), (3, 3), (3, 0), (1, 0), (3, 1), (2, 1), (1, 4), (2, 3), (4, 3), (2, 2), (3, 4), (0, 3), (4, 1), (1, 1)}, 'I': {(1, 2), (0, 1), (3, 2), (1, 3), (3, 3), (3, 0), (1, 0), (3, 1), (2, 1), (1, 4), (2, 3), (4, 3), (2, 2), (3, 4), (0, 3), (4, 1), (1, 1)}, 'J': {(1, 2), (0, 1), (3, 2), (1, 3), (3, 3), (3, 0), (1, 0), (3, 1), (2, 1), (1, 4), (2, 3), (4, 3), (2, 2), (3, 4), (0, 3), (4, 1), (1, 1)}, 'K': {(1, 2), (0, 1), (3, 2), (1, 3), (3, 3), (3, 0), (1, 0), (3, 1), (2, 1), (1, 4), (2, 3), (4, 3), (2, 2), (3, 4), (0, 3), (4, 1), (1, 1)}, 'L': {(1, 2), (0, 1), (3, 2), (1, 3), (3, 3), (3, 0), (1, 0), (3, 1), (2, 1), (1, 4), (2, 3), (4, 3), (2, 2), (3, 4), (0, 3), (4, 1), (1, 1)}, 'M': {(1, 2), (0, 1), (3, 2), (1, 3), (3, 3), (3, 0), (1, 0), (3, 1), (2, 1), (1, 4), (2, 3), (4, 3), (2, 2), (3, 4), (0, 3), (4, 1), (1, 1)}, 'O': {(1, 2), (0, 1), (3, 2), (1, 3), (3, 3), (3, 0), (1, 0), (3, 1), (2, 1), (1, 4), (2, 3), (4, 3), (2, 2), (3, 4), (0, 3), (4, 1), (1, 1)}, 'S': {(1, 2), (0, 1), (3, 2), (1, 3), (3, 3), (3, 0), (1, 0), (3, 1), (2, 1), (1, 4), (2, 3), (4, 3), (2, 2), (3, 4), (0, 3), (4, 1), (1, 1)}, 'T': {(1, 2), (0, 1), (3, 2), (1, 3), (3, 3), (3, 0), (1, 0), (3, 1), (2, 1), (1, 4), (2, 3), (4, 3), (2, 2), (3, 4), (0, 3), (4, 1), (1, 1)}, 'U': {(1, 2), (0, 1), (3, 2), (1, 3), (3, 3), (3, 0), (1, 0), (3, 1), (2, 1), (1, 4), (2, 3), (4, 3), (2, 2), (3, 4), (0, 3), (4, 1), (1, 1)}, 'V': {(1, 2), (0, 1), (3, 2), (1, 3), (3, 3), (3, 0), (1, 0), (3, 1), (2, 1), (1, 4), (2, 3), (4, 3), (2, 2), (3, 4), (0, 3), (4, 1), (1, 1)}, 'X': {(1, 2), (0, 1), (3, 2), (1, 3), (3, 3), (3, 0), (1, 0), (3, 1), (2, 1), (1, 4), (2, 3), (4, 3), (2, 2), (3, 4), (0, 3), (4, 1), (1, 1)}, 'Y': {(1, 2), (0, 1), (3, 2), (1, 3), (3, 3), (3, 0), (1, 0), (3, 1), (2, 1), (1, 4), (2, 3), (4, 3), (2, 2), (3, 4), (0, 3), (4, 1), (1, 1)}}
Exit load_data function
positions = {'F': {(0, 0)}, 'H': {(2, 0)}, 'N': {(4, 0)}, 'Q': {(0, 2)}, 'W': {(4, 2)}, 'P': {(0, 4)}, 'R': {(2, 4)}, 'C': {(4, 4)}, 'A': {(1, 2), (0, 1), (3, 2), (1, 3), (3, 3), (3, 0), (1, 0), (3, 1), (2, 1), (1, 4), (2, 3), (4, 3), (2, 2), (3, 4), (0, 3), (4, 1), (1, 1)}, 'B': {(1, 2), (0, 1), (3, 2), (1, 3), (3, 3), (3, 0), (1, 0), (3, 1), (2, 1), (1, 4), (2, 3), (4, 3), (2, 2), (3, 4), (0, 3), (4, 1), (1, 1)}, 'D': {(1, 2), (0, 1), (3, 2), (1, 3), (3, 3), (3, 0), (1, 0), (3, 1), (2, 1), (1, 4), (2, 3), (4, 3), (2, 2), (3, 4), (0, 3), (4, 1), (1, 1)}, 'E': {(1, 2), (0, 1), (3, 2), (1, 3), (3, 3), (3, 0), (1, 0), (3, 1), (2, 1), (1, 4), (2, 3), (4, 3), (2, 2), (3, 4), (0, 3), (4, 1), (1, 1)}, 'G': {(1, 2), (0, 1), (3, 2), (1, 3), (3, 3), (3, 0), (1, 0), (3, 1), (2, 1), (1, 4), (2, 3), (4, 3), (2, 2), (3, 4), (0, 3), (4, 1), (1, 1)}, 'I': {(1, 2), (0, 1), (3, 2), (1, 3), (3, 3), (3, 0), (1, 0), (3, 1), (2, 1), (1, 4), (2, 3), (4, 3), (2, 2), (3, 4), (0, 3), (4, 1), (1, 1)}, 'J': {(1, 2), (0, 1), (3, 2), (1, 3), (3, 3), (3, 0), (1, 0), (3, 1), (2, 1), (1, 4), (2, 3), (4, 3), (2, 2), (3, 4), (0, 3), (4, 1), (1, 1)}, 'K': {(1, 2), (0, 1), (3, 2), (1, 3), (3, 3), (3, 0), (1, 0), (3, 1), (2, 1), (1, 4), (2, 3), (4, 3), (2, 2), (3, 4), (0, 3), (4, 1), (1, 1)}, 'L': {(1, 2), (0, 1), (3, 2), (1, 3), (3, 3), (3, 0), (1, 0), (3, 1), (2, 1), (1, 4), (2, 3), (4, 3), (2, 2), (3, 4), (0, 3), (4, 1), (1, 1)}, 'M': {(1, 2), (0, 1), (3, 2), (1, 3), (3, 3), (3, 0), (1, 0), (3, 1), (2, 1), (1, 4), (2, 3), (4, 3), (2, 2), (3, 4), (0, 3), (4, 1), (1, 1)}, 'O': {(1, 2), (0, 1), (3, 2), (1, 3), (3, 3), (3, 0), (1, 0), (3, 1), (2, 1), (1, 4), (2, 3), (4, 3), (2, 2), (3, 4), (0, 3), (4, 1), (1, 1)}, 'S': {(1, 2), (0, 1), (3, 2), (1, 3), (3, 3), (3, 0), (1, 0), (3, 1), (2, 1), (1, 4), (2, 3), (4, 3), (2, 2), (3, 4), (0, 3), (4, 1), (1, 1)}, 'T': {(1, 2), (0, 1), (3, 2), (1, 3), (3, 3), (3, 0), (1, 0), (3, 1), (2, 1), (1, 4), (2, 3), (4, 3), (2, 2), (3, 4), (0, 3), (4, 1), (1, 1)}, 'U': {(1, 2), (0, 1), (3, 2), (1, 3), (3, 3), (3, 0), (1, 0), (3, 1), (2, 1), (1, 4), (2, 3), (4, 3), (2, 2), (3, 4), (0, 3), (4, 1), (1, 1)}, 'V': {(1, 2), (0, 1), (3, 2), (1, 3), (3, 3), (3, 0), (1, 0), (3, 1), (2, 1), (1, 4), (2, 3), (4, 3), (2, 2), (3, 4), (0, 3), (4, 1), (1, 1)}, 'X': {(1, 2), (0, 1), (3, 2), (1, 3), (3, 3), (3, 0), (1, 0), (3, 1), (2, 1), (1, 4), (2, 3), (4, 3), (2, 2), (3, 4), (0, 3), (4, 1), (1, 1)}, 'Y': {(1, 2), (0, 1), (3, 2), (1, 3), (3, 3), (3, 0), (1, 0), (3, 1), (2, 1), (1, 4), (2, 3), (4, 3), (2, 2), (3, 4), (0, 3), (4, 1), (1, 1)}}
adjacencies = {'A': ['L', 'L', 'Y', 'S', 'W'], 'B': ['E', 'U', 'E'], 'C': ['L'], 'D': ['Y'], 'E': ['B', 'G', 'I', 'J', 'U', 'S', 'U', 'S', 'U', 'S', 'B'], 'F': ['I'], 'G': ['E', 'O', 'H'], 'H': ['G'], 'I': ['F', 'E', 'X', 'S'], 'J': ['E'], 'K': ['L', 'Y'], 'L': ['A', 'K', 'C', 'A'], 'M': ['U'], 'N': ['O'], 'O': ['N', 'S', 'V', 'W', 'Y', 'G'], 'P': ['U'], 'Q': ['U'], 'R': ['U'], 'S': ['U', 'E', 'O', 'E', 'T', 'E', 'A', 'U', 'I'], 'T': ['S', 'U'], 'U': ['E', 'M', 'S', 'Q', 'E', 'R', 'E', 'S', 'P', 'T', 'B'], 'V': ['O'], 'W': ['A', 'O'], 'X': ['I'], 'Y': ['K', 'D', 'A', 'O']}
function: get_grid
Exit get_grid function
positions_grid = [['F', '-', 'H', '-', 'N'], ['-', '-', '-', '-', '-'], ['Q', '-', '-', '-', 'W'], ['-', '-', '-', '-', '-'], ['P', '-', 'R', '-', 'C']]
function: draw_grid
Exit draw_grid function
function: find_solution

Process finished with exit code -1
