gogen files are: {'grid_file': 'C:/Users/ysu1/PycharmProjects/CodeKata-GogenSolver/games/B1/Ultra126/grid.txt', 'wordlist_file': 'C:/Users/ysu1/PycharmProjects/CodeKata-GogenSolver/games/B1/Ultra126/words.txt'}
function: load_data
Opening C:/Users/ysu1/PycharmProjects/CodeKata-GogenSolver/games/B1/Ultra126/words.txt
words = ['CORF', 'COWL', 'CUB', 'GHI', 'HOCK', 'JOTA', 'OCTAD', 'PINS', 'PYX', 'QUEY', 'TAV', 'WOK', 'YAM']
function: get_adjacencies
Exit get_adjacencies function
Opening C:/Users/ysu1/PycharmProjects/CodeKata-GogenSolver/games/B1/Ultra126/grid.txt
function: get_fixed_letters
Exit get_fixed_letters function
function: get_floating_letters
Exit get_floating_letters function
fixed_letters = {'N': {(0, 0)}, 'D': {(2, 0)}, 'M': {(4, 0)}, 'J': {(0, 2)}, 'E': {(4, 2)}, 'F': {(0, 4)}, 'W': {(2, 4)}, 'B': {(4, 4)}}, 
floating_letters = {'A': {(1, 2), (0, 1), (3, 2), (1, 3), (3, 3), (3, 0), (1, 0), (3, 1), (2, 1), (1, 4), (2, 3), (4, 3), (2, 2), (3, 4), (0, 3), (4, 1), (1, 1)}, 'C': {(1, 2), (0, 1), (3, 2), (1, 3), (3, 3), (3, 0), (1, 0), (3, 1), (2, 1), (1, 4), (2, 3), (4, 3), (2, 2), (3, 4), (0, 3), (4, 1), (1, 1)}, 'G': {(1, 2), (0, 1), (3, 2), (1, 3), (3, 3), (3, 0), (1, 0), (3, 1), (2, 1), (1, 4), (2, 3), (4, 3), (2, 2), (3, 4), (0, 3), (4, 1), (1, 1)}, 'H': {(1, 2), (0, 1), (3, 2), (1, 3), (3, 3), (3, 0), (1, 0), (3, 1), (2, 1), (1, 4), (2, 3), (4, 3), (2, 2), (3, 4), (0, 3), (4, 1), (1, 1)}, 'I': {(1, 2), (0, 1), (3, 2), (1, 3), (3, 3), (3, 0), (1, 0), (3, 1), (2, 1), (1, 4), (2, 3), (4, 3), (2, 2), (3, 4), (0, 3), (4, 1), (1, 1)}, 'K': {(1, 2), (0, 1), (3, 2), (1, 3), (3, 3), (3, 0), (1, 0), (3, 1), (2, 1), (1, 4), (2, 3), (4, 3), (2, 2), (3, 4), (0, 3), (4, 1), (1, 1)}, 'L': {(1, 2), (0, 1), (3, 2), (1, 3), (3, 3), (3, 0), (1, 0), (3, 1), (2, 1), (1, 4), (2, 3), (4, 3), (2, 2), (3, 4), (0, 3), (4, 1), (1, 1)}, 'O': {(1, 2), (0, 1), (3, 2), (1, 3), (3, 3), (3, 0), (1, 0), (3, 1), (2, 1), (1, 4), (2, 3), (4, 3), (2, 2), (3, 4), (0, 3), (4, 1), (1, 1)}, 'P': {(1, 2), (0, 1), (3, 2), (1, 3), (3, 3), (3, 0), (1, 0), (3, 1), (2, 1), (1, 4), (2, 3), (4, 3), (2, 2), (3, 4), (0, 3), (4, 1), (1, 1)}, 'Q': {(1, 2), (0, 1), (3, 2), (1, 3), (3, 3), (3, 0), (1, 0), (3, 1), (2, 1), (1, 4), (2, 3), (4, 3), (2, 2), (3, 4), (0, 3), (4, 1), (1, 1)}, 'R': {(1, 2), (0, 1), (3, 2), (1, 3), (3, 3), (3, 0), (1, 0), (3, 1), (2, 1), (1, 4), (2, 3), (4, 3), (2, 2), (3, 4), (0, 3), (4, 1), (1, 1)}, 'S': {(1, 2), (0, 1), (3, 2), (1, 3), (3, 3), (3, 0), (1, 0), (3, 1), (2, 1), (1, 4), (2, 3), (4, 3), (2, 2), (3, 4), (0, 3), (4, 1), (1, 1)}, 'T': {(1, 2), (0, 1), (3, 2), (1, 3), (3, 3), (3, 0), (1, 0), (3, 1), (2, 1), (1, 4), (2, 3), (4, 3), (2, 2), (3, 4), (0, 3), (4, 1), (1, 1)}, 'U': {(1, 2), (0, 1), (3, 2), (1, 3), (3, 3), (3, 0), (1, 0), (3, 1), (2, 1), (1, 4), (2, 3), (4, 3), (2, 2), (3, 4), (0, 3), (4, 1), (1, 1)}, 'V': {(1, 2), (0, 1), (3, 2), (1, 3), (3, 3), (3, 0), (1, 0), (3, 1), (2, 1), (1, 4), (2, 3), (4, 3), (2, 2), (3, 4), (0, 3), (4, 1), (1, 1)}, 'X': {(1, 2), (0, 1), (3, 2), (1, 3), (3, 3), (3, 0), (1, 0), (3, 1), (2, 1), (1, 4), (2, 3), (4, 3), (2, 2), (3, 4), (0, 3), (4, 1), (1, 1)}, 'Y': {(1, 2), (0, 1), (3, 2), (1, 3), (3, 3), (3, 0), (1, 0), (3, 1), (2, 1), (1, 4), (2, 3), (4, 3), (2, 2), (3, 4), (0, 3), (4, 1), (1, 1)}}
Exit load_data function
positions = {'N': {(0, 0)}, 'D': {(2, 0)}, 'M': {(4, 0)}, 'J': {(0, 2)}, 'E': {(4, 2)}, 'F': {(0, 4)}, 'W': {(2, 4)}, 'B': {(4, 4)}, 'A': {(1, 2), (0, 1), (3, 2), (1, 3), (3, 3), (3, 0), (1, 0), (3, 1), (2, 1), (1, 4), (2, 3), (4, 3), (2, 2), (3, 4), (0, 3), (4, 1), (1, 1)}, 'C': {(1, 2), (0, 1), (3, 2), (1, 3), (3, 3), (3, 0), (1, 0), (3, 1), (2, 1), (1, 4), (2, 3), (4, 3), (2, 2), (3, 4), (0, 3), (4, 1), (1, 1)}, 'G': {(1, 2), (0, 1), (3, 2), (1, 3), (3, 3), (3, 0), (1, 0), (3, 1), (2, 1), (1, 4), (2, 3), (4, 3), (2, 2), (3, 4), (0, 3), (4, 1), (1, 1)}, 'H': {(1, 2), (0, 1), (3, 2), (1, 3), (3, 3), (3, 0), (1, 0), (3, 1), (2, 1), (1, 4), (2, 3), (4, 3), (2, 2), (3, 4), (0, 3), (4, 1), (1, 1)}, 'I': {(1, 2), (0, 1), (3, 2), (1, 3), (3, 3), (3, 0), (1, 0), (3, 1), (2, 1), (1, 4), (2, 3), (4, 3), (2, 2), (3, 4), (0, 3), (4, 1), (1, 1)}, 'K': {(1, 2), (0, 1), (3, 2), (1, 3), (3, 3), (3, 0), (1, 0), (3, 1), (2, 1), (1, 4), (2, 3), (4, 3), (2, 2), (3, 4), (0, 3), (4, 1), (1, 1)}, 'L': {(1, 2), (0, 1), (3, 2), (1, 3), (3, 3), (3, 0), (1, 0), (3, 1), (2, 1), (1, 4), (2, 3), (4, 3), (2, 2), (3, 4), (0, 3), (4, 1), (1, 1)}, 'O': {(1, 2), (0, 1), (3, 2), (1, 3), (3, 3), (3, 0), (1, 0), (3, 1), (2, 1), (1, 4), (2, 3), (4, 3), (2, 2), (3, 4), (0, 3), (4, 1), (1, 1)}, 'P': {(1, 2), (0, 1), (3, 2), (1, 3), (3, 3), (3, 0), (1, 0), (3, 1), (2, 1), (1, 4), (2, 3), (4, 3), (2, 2), (3, 4), (0, 3), (4, 1), (1, 1)}, 'Q': {(1, 2), (0, 1), (3, 2), (1, 3), (3, 3), (3, 0), (1, 0), (3, 1), (2, 1), (1, 4), (2, 3), (4, 3), (2, 2), (3, 4), (0, 3), (4, 1), (1, 1)}, 'R': {(1, 2), (0, 1), (3, 2), (1, 3), (3, 3), (3, 0), (1, 0), (3, 1), (2, 1), (1, 4), (2, 3), (4, 3), (2, 2), (3, 4), (0, 3), (4, 1), (1, 1)}, 'S': {(1, 2), (0, 1), (3, 2), (1, 3), (3, 3), (3, 0), (1, 0), (3, 1), (2, 1), (1, 4), (2, 3), (4, 3), (2, 2), (3, 4), (0, 3), (4, 1), (1, 1)}, 'T': {(1, 2), (0, 1), (3, 2), (1, 3), (3, 3), (3, 0), (1, 0), (3, 1), (2, 1), (1, 4), (2, 3), (4, 3), (2, 2), (3, 4), (0, 3), (4, 1), (1, 1)}, 'U': {(1, 2), (0, 1), (3, 2), (1, 3), (3, 3), (3, 0), (1, 0), (3, 1), (2, 1), (1, 4), (2, 3), (4, 3), (2, 2), (3, 4), (0, 3), (4, 1), (1, 1)}, 'V': {(1, 2), (0, 1), (3, 2), (1, 3), (3, 3), (3, 0), (1, 0), (3, 1), (2, 1), (1, 4), (2, 3), (4, 3), (2, 2), (3, 4), (0, 3), (4, 1), (1, 1)}, 'X': {(1, 2), (0, 1), (3, 2), (1, 3), (3, 3), (3, 0), (1, 0), (3, 1), (2, 1), (1, 4), (2, 3), (4, 3), (2, 2), (3, 4), (0, 3), (4, 1), (1, 1)}, 'Y': {(1, 2), (0, 1), (3, 2), (1, 3), (3, 3), (3, 0), (1, 0), (3, 1), (2, 1), (1, 4), (2, 3), (4, 3), (2, 2), (3, 4), (0, 3), (4, 1), (1, 1)}}
adjacencies = {'A': ['T', 'T', 'D', 'T', 'V', 'Y', 'M'], 'B': ['U'], 'C': ['O', 'O', 'U', 'O', 'K', 'O', 'T'], 'D': ['A'], 'E': ['U', 'Y'], 'F': ['R'], 'G': ['H'], 'H': ['G', 'I', 'O'], 'I': ['H', 'P', 'N'], 'J': ['O'], 'K': ['C', 'O'], 'L': ['W'], 'M': ['A'], 'N': ['I', 'S'], 'O': ['C', 'R', 'C', 'W', 'H', 'C', 'J', 'T', 'C', 'W', 'K'], 'P': ['I', 'Y'], 'Q': ['U'], 'R': ['O', 'F'], 'S': ['N'], 'T': ['O', 'A', 'C', 'A', 'A'], 'U': ['C', 'B', 'Q', 'E'], 'V': ['A'], 'W': ['O', 'L', 'O'], 'X': ['Y'], 'Y': ['P', 'X', 'E', 'A']}
function: get_grid
Exit get_grid function
positions_grid = [['N', '-', 'D', '-', 'M'], ['-', '-', '-', '-', '-'], ['J', '-', '-', '-', 'E'], ['-', '-', '-', '-', '-'], ['F', '-', 'W', '-', 'B']]
function: draw_grid
Exit draw_grid function
function: find_solution
Exit find_solution function
function: get_grid
Exit get_grid function
solution_grid = [['N', 'S', 'D', 'V', 'M'], ['G', 'I', 'P', 'A', 'X'], ['J', 'H', 'T', 'Y', 'E'], ['R', 'O', 'C', 'U', 'Q'], ['F', 'K', 'W', 'L', 'B']]
function: draw_grid
Exit draw_grid function
Exit click function
